00001	1	00001029	          	33	0	2018/06/16  08:55:10
00002	1	00001029	          	33	0	2018/06/16  18:15:10
00003	1	00001030	          	33	0	2018/06/16  08:55:10
00004	1	00001030	          	33	0	2018/06/16  18:15:10
00005	1	00001031	          	33	0	2018/06/16  08:55:10
00006	1	00001031	          	33	0	2018/06/16  18:15:10
00007	1	00001033	          	33	0	2018/06/16  08:55:10
00008	1	00001033	          	33	0	2018/06/16  18:15:10
00009	1	00001034	          	33	0	2018/06/16  08:55:10
00010	1	00001034	          	33	0	2018/06/16  18:15:10
00011	1	00001035	          	33	0	2018/06/16  08:55:10
00012	1	00001035	          	33	0	2018/06/16  18:15:10
00013	1	00001036	          	33	0	2018/06/16  08:55:10
00014	1	00001036	          	33	0	2018/06/16  18:15:10
